101000414
101000415
101000416
101000417
101080005
101080006
101080007
101100756
101100764
101100766
101100767
101100769
101100770
101100771
101100788
101100799
101100817
101100818
101100819
101100820
101100821
101100822
101100823
101100824
101100825
101100830
101100831
101100832
101100834
101100835
101100836
101100837
101100838
101100839
101100849
101100850
101100851
101100852
101100853
101100854
101100855
101100856
101100857
101100858
101100859
101100860
101100861
101100862
101100863
101100864
101100865
101100866
101100867
101100868
101100869
101100870
101100871
101100872
101100873
101100874
101100875
101100876
101100877
101100878
101100879
101100880
101100881
101100882
101100883
101100884
101100885
101100886
101100887
101100888
101100889
101100890
101100891
101100892
101100893
101100894
101100895
101100896
101100897
101100898
101100899
101100900
101100901
101100902
101100903
101100904
101100905
101100906
101100907
101100908
101100909
101100910
101100911
101100912
101100913
101100914
101100915
101100916
101100917
101100918
101100919
101100920
101100921
101100922
101100923
101100924
101100925
101100926
101100927
101100928
101200087
101200088
101200089
101200090
101200091
101200092
101200093
101200094
101200095
101200096
101200097
101200098
101200099
101200100
101200101
101200102
101200103
101200104
101200105
101200106
101200107
101200108
101200109
101200110
101300343
101300344
101300345
101300346
101300347
101300348
101300349
101300350
101300362
101300363
101300364
101400304
101400305
101400306
101400307
101400308
101400309
101400310
101400311
101400312
101400313
101400314
101400315
101400316
101400326
101500053
101500054
101500055
